chr2L
502
503
506
507
508
509
512
52
518
519
524
53
527
529
532
533
534
535
536
538
541
544
55
545
547
551
553
555
563
565
566
57
579
582
586
587
589
590
593
594
598
60
604
606
608
611
612
613
614
62
617
618
619
620
621
622
623
629
64
638
639
641
643
644
645
646
648
650
652
653
658
67
661
663
667
672
675
677
681
682
683
684
685
686
69
693
7
696
699
700
701
702
703
704
706
707
708
710
719
729
736
740
75
745
748
749
751
76
754
758
760
762
764
77
765
766
768
778
779
782
783
785
787
789
790
792
793
794
795
797
799
800
802
803
804
806
807
810
812
82
818
819
820
821
822
825
826
827
828
834
84
1
844
848
849
854
857
860
861
862
866
878
879
882
883
885
887
90
891
893
895
896
898
900
902
906
909
911
912
913
915
92
920
921
927
929
932
943
944
946
947
952
955
96
969
971
973
974
977
979
981
984
985
990
991
993
100
995
996
997
1000
1003
101
1007
1012
1013
1014
1018
1027
1028
1029
104
1036
1040
1042
1043
1044
1045
1047
1048
1050
1054
1055
1056
1061
1067
1070
1103
114
115
116
118
121
122
123
125
126
127
132
135
136
140
141
142
143
147
148
155
156
157
16
160
162
17
165
167
170
172
176
184
186
187
188
189
194
195
196
198
199
200
201
202
203
204
205
206
208
209
213
214
216
221
222
224
239
24
242
245
25
246
252
254
256
264
266
267
28
276
279
281
282
283
285
286
288
29
291
293
294
297
301
302
304
305
306
307
308
313
315
316
319
320
328
329
330
332
336
340
342
344
346
356
359
360
361
371
372
373
380
383
384
385
387
39
389
392
397
40
405
406
41
413
414
415
417
42
422
426
427
431
434
436
438
441
45
449
46
452
453
454
455
456
457
461
463
464
465
466
470
471
473
474
475
478
482
484
488
489
493
494
495
chr2R
51
509
510
511
512
514
515
517
522
523
524
528
530
535
539
542
543
545
548
549
551
552
559
560
562
565
567
568
575
577
581
583
584
588
591
597
598
599
601
608
611
613
614
615
617
619
620
621
622
624
626
627
628
629
630
632
633
635
638
641
642
646
651
652
653
659
660
661
662
663
664
665
667
670
678
685
689
691
693
694
696
718
719
721
724
726
731
735
742
743
744
745
748
749
750
751
755
761
762
763
768
771
772
773
774
776
777
778
779
780
784
796
797
806
807
815
817
820
825
830
831
832
835
836
837
839
840
841
842
843
849
850
851
855
856
857
858
860
863
865
866
867
868
87
872
873
881
89
883
884
892
893
90
898
91
906
907
909
911
912
913
914
915
917
918
921
922
923
926
929
932
933
934
935
938
939
942
943
949
950
951
953
957
959
962
965
966
967
970
971
973
975
976
978
982
986
990
996
1002
1003
1007
1008
1009
1010
1014
1016
1017
1019
1020
1022
1026
1029
1030
1031
1033
1039
1040
1044
123
125
130
135
136
137
141
144
145
148
150
152
156
157
160
161
163
168
169
172
175
176
177
178
179
181
186
189
192
194
199
202
205
208
209
210
211
214
217
220
223
225
227
229
231
236
245
246
248
254
255
257
259
261
264
266
268
270
271
273
277
278
281
282
288
292
294
295
299
303
304
305
306
309
311
314
316
317
318
322
323
324
329
331
332
333
335
336
341
342
344
345
346
347
351
352
353
354
355
356
357
358
362
364
368
374
378
380
382
383
391
395
399
400
401
402
407
408
409
410
414
415
417
419
423
427
429
434
435
436
437
438
439
440
449
452
455
458
459
460
461
462
463
464
465
471
472
473
474
476
477
479
480
481
483
484
486
492
496
497
498
chr3L
501
502
51
504
505
506
507
509
510
511
515
53
524
525
527
529
530
531
54
532
535
536
537
543
545
552
553
556
560
561
565
568
58
576
577
579
580
582
584
587
588
591
596
60
601
603
61
610
611
612
613
62
615
617
618
625
632
633
636
637
65
642
648
649
650
665
667
668
669
673
674
68
677
678
679
680
681
682
683
684
685
687
692
694
695
700
705
706
710
711
713
719
721
725
728
730
731
735
736
743
744
745
747
750
76
753
759
764
768
769
772
773
776
781
782
786
793
796
798
801
803
808
809
811
814
815
82
821
824
825
826
827
828
833
836
838
844
846
855
857
859
860
863
864
868
869
870
872
876
878
880
881
9
884
885
886
887
889
891
893
895
897
900
901
902
904
907
908
909
913
92
920
921
923
924
925
926
93
928
930
932
935
94
95
945
948
949
951
953
956
96
958
961
962
97
964
968
971
972
973
975
976
977
979
982
983
989
997
999
100
1002
1003
1004
101
1009
1013
1015
1020
1027
1036
1044
1045
1046
1053
1057
1058
1059
1060
1061
1063
1065
1066
1067
1068
1070
107
108
1077
109
1088
1090
1093
110
1094
1095
1096
1097
111
1102
1104
1105
1106
1109
1110
1111
1113
1116
1117
1119
113
1123
1124
1125
1129
1131
1132
1133
1134
1137
115
1145
1146
116
121
122
125
126
131
132
134
135
136
140
141
142
143
15
147
148
149
154
155
157
162
164
166
170
171
173
174
175
176
179
186
187
188
189
190
192
196
197
198
199
200
201
204
205
210
211
212
219
221
222
223
224
225
229
231
232
233
234
237
238
239
243
244
246
247
249
253
26
254
255
256
259
263
264
265
275
277
283
284
285
287
293
294
296
297
299
301
302
304
307
308
32
320
323
324
325
326
328
329
332
333
334
335
341
342
344
346
347
350
35
351
353
354
357
358
361
364
366
367
38
371
372
373
386
388
389
391
393
394
399
400
402
404
405
413
417
420
431
432
436
440
441
444
447
448
453
455
456
457
459
46
460
461
47
464
465
466
467
471
473
474
48
475
477
479
480
483
49
488
489
490
491
496
497
500
chr3R
501
503
504
506
507
511
52
518
519
520
522
523
533
535
536
537
540
541
542
543
545
548
549
550
556
561
564
565
567
570
576
578
580
586
59
589
591
594
595
601
602
603
607
609
612
617
618
620
621
622
623
626
641
645
651
653
654
660
665
667
668
673
674
680
681
682
683
685
687
688
690
691
692
693
697
700
702
705
709
710
72
711
717
718
719
720
723
726
727
728
730
731
732
733
736
739
740
744
749
751
753
763
765
766
767
768
769
770
772
778
788
789
790
791
794
796
797
798
799
80
802
81
806
807
808
809
811
813
814
82
815
817
818
826
827
828
831
832
834
835
837
838
839
841
85
850
852
855
856
858
859
865
867
87
873
874
879
882
883
89
890
891
892
896
90
901
903
904
905
906
907
908
909
915
916
917
918
920
923
924
926
931
934
935
938
940
942
943
944
95
946
947
954
96
956
958
963
968
969
970
971
972
973
974
98
983
984
985
99
990
991
995
996
997
999
101
1013
1014
1015
1016
102
1017
1019
1025
1026
103
1029
1030
1034
1035
105
1041
1047
1052
1053
1054
1056
106
1060
1061
1062
1063
107
1067
1068
1069
1070
1072
1073
1076
1077
108
1078
1079
1082
1083
1085
1088
1090
1091
1093
1098
1101
1102
1106
1107
111
1110
1111
1112
1115
1121
1122
1124
1125
1127
1128
1130
1133
1134
1135
1136
114
1140
1141
115
1143
1145
1147
116
1157
1161
1162
1163
1164
1167
1169
118
1173
1174
1175
1177
1179
1182
1184
1187
1190
1191
1195
1196
1197
1199
1201
1202
1203
1204
1207
1211
1212
1213
1215
1217
1221
123
1224
1225
1228
1229
1230
1232
1238
1239
1240
1241
1244
1245
1251
1256
1258
1259
1261
1262
1263
1265
1266
1267
127
1269
1272
1274
1275
1276
1280
1290
1291
1294
1295
1296
1298
1304
1305
1308
1309
1310
1315
1316
1318
1319
1321
1323
1324
1325
1326
1327
1329
1330
1331
1333
1334
1336
1340
1341
1343
1346
1347
1349
1350
1351
1352
1355
1359
1360
1363
1364
1367
1372
1373
1374
1376
1379
1382
1383
1385
1386
1387
1388
1389
1391
1392
140
141
143
149
152
155
156
157
160
165
166
167
170
171
173
174
178
182
185
186
188
190
194
198
209
210
211
213
214
215
216
217
223
224
227
230
246
250
251
252
256
257
258
265
27
266
269
275
283
285
289
290
291
30
294
295
296
297
298
300
301
302
307
309
311
313
314
315
316
318
319
329
337
338
340
346
347
35
348
351
356
358
359
360
361
364
366
367
368
369
370
375
378
380
381
383
384
387
392
394
40
398
399
402
408
409
410
418
419
420
421
422
424
425
431
434
435
437
438
439
445
448
451
452
454
455
456
457
46
458
459
460
461
462
467
468
469
470
471
473
475
478
479
480
482
484
488
489
490
494
496
500
chr4
57
22
35
chrX
502
503
504
509
511
512
515
516
518
520
521
523
527
528
529
53
54
536
539
541
544
547
55
550
554
557
560
561
564
566
568
573
578
579
582
584
591
60
592
594
599
600
601
602
604
605
609
610
614
622
623
624
626
627
628
630
631
635
636
637
638
639
641
647
649
651
652
663
665
666
667
669
671
672
679
689
695
70
700
703
71
710
711
712
713
714
715
718
721
724
725
726
727
728
729
74
734
737
738
75
742
743
745
746
750
758
759
763
765
766
78
773
774
780
786
787
791
80
794
800
8
81
806
809
820
822
823
825
83
832
836
838
840
844
845
86
855
858
859
865
867
873
874
876
880
889
895
898
902
903
904
906
907
912
913
914
915
916
92
919
922
923
925
927
93
931
932
936
95
946
947
948
949
950
951
953
954
957
958
959
961
969
973
977
979
981
982
985
986
989
994
996
1000
1003
1006
1007
1008
1009
1010
1012
1013
1016
1017
1019
1021
1025
1030
1031
1032
1037
1040
1041
1047
1048
1053
1054
106
1055
1056
1057
1061
1067
1069
108
1093
1100
1101
1103
1104
1108
1110
114
119
120
123
124
127
13
129
133
134
135
137
139
141
143
146
150
151
156
157
160
161
162
167
169
174
178
180
190
191
192
20
195
197
199
200
206
207
208
209
21
212
213
214
22
228
230
231
232
234
235
24
237
238
243
251
253
254
255
257
258
259
265
267
269
271
272
277
278
280
281
284
286
288
289
29
292
293
297
299
300
302
303
304
311
315
318
319
325
328
331
335
34
341
344
345
348
350
351
353
358
359
360
364
365
366
367
37
368
370
371
38
376
377
378
380
381
39
382
383
387
391
395
397
400
401
404
405
41
406
407
409
410
412
413
422
429
430
44
435
437
441
442
445
447
451
452
456
46
458
465
466
467
471
472
473
475
48
477
482
484
5
486
488
489
490
491
492
493
498
