chr2L
501
502
503
51
508
509
511
512
6
513
514
515
516
517
518
519
52
520
521
522
523
524
525
526
531
533
534
537
538
539
54
543
544
55
549
550
551
56
555
556
557
559
564
565
57
58
574
575
576
59
591
592
60
598
600
601
602
603
604
605
606
607
609
7
619
622
623
627
628
629
631
634
635
636
637
651
652
659
660
661
665
669
670
673
676
678
69
687
689
690
691
692
693
695
696
701
705
706
709
710
711
715
8
717
718
730
736
74
75
749
751
752
76
753
754
755
756
763
766
769
772
775
776
783
785
786
788
789
790
796
81
807
813
814
815
816
817
818
825
826
833
834
835
836
837
838
841
842
843
844
845
86
861
87
864
869
870
871
874
875
876
88
880
886
887
890
899
902
907
908
10
915
918
923
925
930
931
934
935
936
939
941
942
1
95
943
947
948
949
950
951
96
952
953
954
956
957
959
960
969
970
971
972
973
975
976
977
978
979
980
982
987
99
988
990
100
991
992
993
995
996
998
1002
1004
1005
101
1006
1007
1015
1018
11
102
1021
1022
1023
103
1024
1025
1033
1035
1037
1038
1040
1042
1043
1044
1046
1047
1053
1056
1058
1059
1062
1063
1064
107
1066
1067
1068
1069
1070
108
1078
1079
1082
1083
1084
1085
1088
2
1096
110
1107
111
1108
1109
112
1112
1113
1121
1122
1124
1127
118
119
120
122
123
125
13
129
130
14
137
138
139
15
143
144
145
148
149
150
152
16
154
155
158
159
165
166
169
173
174
18
175
176
177
179
181
182
183
185
186
190
191
194
195
20
21
210
3
22
212
218
220
221
223
23
234
237
24
241
242
243
245
25
248
249
250
251
252
253
254
255
256
263
264
269
28
277
278
29
282
287
289
291
296
298
300
302
31
303
304
305
307
309
317
318
323
324
325
327
4
328
329
331
332
333
334
335
336
337
340
341
343
346
347
348
349
351
352
353
354
360
361
362
363
365
368
370
38
371
372
375
377
379
383
386
387
390
391
392
393
395
400
401
402
403
404
405
41
407
408
409
410
411
42
412
414
416
417
419
420
421
422
423
424
425
43
426
427
428
430
431
44
435
436
438
441
45
445
448
450
457
458
459
463
467
472
5
473
475
476
477
478
479
481
485
486
487
488
490
495
496
497
498
499
500
chr2R
502
503
506
51
507
508
510
511
512
513
515
516
517
519
520
521
522
524
525
526
527
528
532
533
537
538
540
542
543
544
545
551
552
555
556
557
560
561
562
563
564
569
570
571
572
573
574
578
579
580
585
586
587
588
59
591
60
592
593
594
595
596
597
600
601
602
603
604
605
606
607
608
609
610
611
612
613
621
63
622
623
625
629
634
635
637
638
642
643
645
646
647
648
649
650
652
7
662
664
665
666
667
668
670
671
672
673
674
676
677
678
679
680
681
682
683
684
685
687
688
697
700
701
702
703
704
705
709
714
715
716
717
721
726
727
728
729
730
735
736
737
738
742
743
744
751
752
753
754
755
756
758
759
760
762
763
765
766
767
768
769
770
78
771
776
777
778
779
781
79
784
786
789
80
792
795
796
806
807
808
809
810
811
83
822
823
824
825
826
827
828
833
836
838
839
840
842
844
845
846
848
849
850
851
852
853
854
857
859
860
861
863
864
865
869
870
871
872
873
876
877
878
879
880
881
889
893
894
898
899
900
901
902
904
906
907
908
909
910
911
912
914
915
916
919
923
925
93
928
1
930
94
935
938
939
940
941
942
945
947
948
949
950
951
96
953
956
957
962
963
97
964
965
971
972
973
975
976
977
979
980
982
99
983
985
986
987
988
989
990
991
992
993
994
996
997
998
999
1000
1001
1002
1003
1004
1005
1008
1011
102
1012
1015
1021
1022
1023
1024
1025
1028
1032
1033
1034
1035
1036
1038
1039
1040
1041
1042
1043
1045
1047
1049
106
1054
1058
115
117
127
128
129
130
131
132
133
135
139
141
143
144
145
147
148
151
152
154
157
159
160
161
164
165
167
168
169
170
171
172
174
177
178
179
180
18
181
185
186
191
192
193
194
196
197
198
199
200
201
203
21
204
207
215
216
225
226
227
228
231
232
235
239
240
241
242
25
244
245
248
249
250
251
252
253
254
26
255
257
259
260
265
266
267
272
273
274
275
279
280
28
285
286
287
288
289
290
292
293
294
296
297
298
299
300
301
302
308
31
310
316
317
318
319
322
323
324
327
331
332
334
335
336
337
338
339
340
347
350
351
352
355
356
357
359
360
363
364
365
367
368
376
377
378
379
386
388
389
390
393
394
396
397
398
402
403
404
405
408
409
411
412
415
416
417
418
420
421
423
424
425
426
427
428
429
430
433
437
438
439
441
442
445
447
450
452
453
454
455
456
457
462
463
465
466
467
468
469
470
472
473
475
486
487
488
492
493
494
495
499
chr3L
504
511
512
514
516
52
522
523
532
533
534
535
542
543
544
545
549
552
553
554
555
556
558
559
560
561
563
568
576
578
580
581
582
583
584
585
586
588
590
591
592
60
596
600
603
606
607
610
613
614
617
619
620
621
63
624
625
626
627
629
637
638
639
640
641
642
643
65
650
651
66
652
653
665
67
670
671
68
673
674
675
676
692
693
697
698
700
7
702
703
704
706
710
711
712
718
720
721
722
723
725
726
727
728
730
731
732
8
734
738
739
740
74
747
75
749
750
751
76
753
754
755
756
757
758
759
763
764
767
769
77
78
775
776
777
778
779
780
781
782
79
791
792
793
796
798
799
800
801
81
802
803
805
806
807
808
812
818
819
82
821
83
828
829
830
831
832
9
833
84
834
836
837
839
840
841
842
843
844
845
847
848
849
851
852
853
862
87
867
868
871
872
873
874
876
877
878
88
880
881
882
883
884
887
89
890
892
893
896
90
900
901
902
91
904
905
906
908
909
912
10
923
93
931
94
934
937
938
940
941
942
943
95
944
945
949
950
953
954
955
957
959
963
965
98
971
974
975
976
978
979
980
981
99
982
983
985
986
988
990
991
993
994
995
996
997
999
1000
11
1002
1005
1011
1012
1015
1016
1018
1019
1020
1022
1023
1024
1025
1026
1027
1029
1036
1039
1040
1041
1042
1050
1052
1053
1057
1059
1060
1061
107
1063
1064
1065
1066
1067
1069
1072
1074
1075
1076
1077
1078
1079
1080
1081
1082
1083
1084
1087
1088
1089
1091
1092
1097
1098
1103
1104
2
1111
1113
1114
1115
112
1117
12
1121
113
1131
114
1132
1133
1134
1136
1137
1138
1139
1143
1144
1145
1147
1148
1149
1151
1155
1156
1162
1179
1186
119
1193
1194
13
1205
121
123
124
125
127
128
130
132
14
139
140
143
145
15
150
152
153
154
157
158
159
160
17
161
162
164
165
166
167
169
171
173
174
18
176
19
181
184
186
189
190
191
195
196
197
202
206
207
209
210
212
213
214
215
216
217
219
221
23
224
228
232
235
238
241
242
243
249
26
256
257
258
264
268
28
278
279
280
281
283
288
289
290
29
291
294
295
296
297
30
299
303
31
304
305
306
309
310
312
313
33
324
325
328
330
331
335
336
338
339
35
342
345
347
348
349
350
351
355
356
36
357
358
362
363
366
367
368
369
38
377
383
386
387
388
392
394
396
397
399
403
404
405
406
407
409
410
412
415
416
417
42
418
420
421
43
422
423
426
427
430
431
432
433
434
436
44
438
45
445
448
449
450
453
454
457
468
469
470
471
472
473
474
475
476
481
482
484
485
486
487
488
492
493
495
499
chr3R
506
507
508
511
52
517
520
521
53
523
525
527
528
529
533
536
537
54
55
547
548
549
552
553
554
555
556
558
559
560
562
57
563
564
565
566
574
58
578
581
582
583
584
585
590
60
594
597
599
61
601
602
604
605
607
609
610
613
614
615
617
620
622
623
624
625
629
631
632
634
635
636
637
638
639
640
641
642
643
644
645
1
65
646
647
649
650
66
653
661
662
664
669
68
672
673
674
675
676
678
679
682
7
69
688
70
693
700
701
702
703
704
705
706
707
71
710
72
711
712
720
725
73
726
8
729
730
737
74
738
741
75
742
743
744
746
747
749
750
751
753
754
755
76
762
766
767
770
774
779
780
78
781
784
79
785
786
787
80
792
793
794
795
800
81
804
806
807
808
82
815
9
819
820
821
823
824
83
829
830
833
834
837
839
841
85
843
845
847
848
849
850
851
852
853
855
857
859
860
861
862
866
868
871
873
875
881
883
885
886
893
894
898
910
911
912
913
92
914
915
916
918
919
921
922
923
924
926
928
929
932
944
948
950
951
953
954
956
958
959
960
968
969
974
976
977
978
979
980
981
983
984
986
987
988
990
991
992
993
994
995
997
998
999
100
1000
1001
1003
1004
1005
1006
1007
1008
1009
1010
1018
1020
1021
1023
1024
1025
1028
1029
1032
1033
1034
1035
11
1038
1039
105
1043
1044
1045
1046
1047
1048
1051
1053
1054
1055
1057
1059
1065
1066
1071
1073
1074
1075
1076
1084
1086
109
1091
1094
1095
110
1099
1101
111
1108
1114
112
1118
1119
12
1120
1128
1135
1136
1137
1139
1140
115
1143
1145
1146
1147
1148
1149
1150
2
1154
1155
1156
1157
1169
1170
1171
1172
1174
1176
1177
118
119
1188
1189
1190
1196
1208
1209
1219
1222
1224
1225
1227
1232
1233
1234
1235
1236
124
125
1243
1244
1245
1246
1247
1248
1249
1250
1252
1253
1254
1255
126
1257
1258
1265
1266
1267
127
1271
1276
13
1278
1279
1280
1282
1283
1284
1285
1286
1287
1288
1289
1291
1292
1293
130
1294
1295
1298
1299
1301
1302
131
1311
1313
1315
14
1316
132
1320
1322
133
1331
1332
1333
1334
1335
1336
1339
135
1344
1345
1349
1352
1353
1354
1355
1361
1362
1365
1368
137
1370
1371
1372
1373
1375
1379
1380
1381
1382
1388
1389
1391
1392
1394
140
15
145
146
148
149
150
151
16
154
159
165
166
168
181
182
186
187
188
190
191
192
193
197
198
203
204
205
207
208
209
210
215
218
220
224
225
226
228
229
232
233
3
24
235
238
239
241
25
243
244
245
246
251
253
254
255
26
258
259
262
263
265
27
267
268
269
270
271
28
273
274
276
277
278
279
280
281
282
285
29
291
292
294
296
297
298
299
300
31
302
305
308
309
310
311
312
313
314
32
319
323
33
325
326
327
330
331
333
334
335
336
340
35
352
353
354
355
356
357
359
361
362
363
364
37
370
371
372
373
374
375
376
377
379
380
381
382
383
386
389
39
390
391
392
40
403
406
407
408
409
410
411
412
413
414
415
423
424
426
427
428
440
441
442
443
444
446
455
457
460
461
462
464
465
473
474
475
476
477
48
481
483
484
489
490
493
494
496
498
chr4
51
53
54
55
56
6
57
58
61
62
11
12
15
2
19
22
23
24
26
27
29
4
33
34
35
36
37
38
40
41
42
43
5
47
50
chrX
506
508
512
514
518
519
525
532
54
533
534
535
537
538
539
540
542
55
549
550
551
552
56
553
561
562
563
564
565
57
568
569
570
574
575
576
579
580
581
585
586
588
589
590
60
591
596
597
61
615
618
62
619
620
622
63
624
625
626
627
628
64
633
640
641
65
650
651
652
653
654
655
656
658
659
660
662
664
665
666
673
676
68
679
69
681
682
684
685
686
687
695
7
71
705
707
708
724
725
73
737
739
740
741
743
8
746
748
749
751
752
760
761
762
763
768
769
770
78
773
774
775
778
780
781
782
79
783
784
785
786
787
788
789
790
791
792
795
80
798
799
800
807
809
810
811
812
813
814
816
817
818
819
823
825
826
827
828
829
830
832
833
84
834
835
836
838
840
85
842
844
849
851
852
853
854
855
857
86
858
860
866
9
871
872
874
875
877
88
878
880
881
89
882
883
885
886
887
888
889
890
891
90
899
900
91
902
907
911
92
913
914
916
920
921
923
93
926
927
928
930
931
934
935
937
938
939
942
95
96
954
955
956
957
958
959
961
962
97
969
970
971
973
974
975
976
977
978
979
980
98
981
982
983
99
988
990
100
101
1003
1004
1006
1007
1014
1015
1016
1020
103
1026
1032
104
1034
1045
1046
1047
1048
1050
1059
1060
1061
1062
1063
107
108
1074
1075
1076
109
1089
1090
1093
1094
1095
1097
1098
1099
1100
1103
1112
112
1121
114
115
12
116
117
118
2
124
125
126
127
13
128
130
131
132
135
139
143
16
152
154
162
169
174
179
180
181
182
184
185
19
186
187
188
189
190
20
192
193
200
201
202
21
209
210
211
22
213
214
221
23
222
223
227
228
229
230
241
242
243
248
249
253
26
260
261
262
27
266
28
271
273
275
276
279
280
282
283
286
289
29
290
291
292
293
295
297
298
300
301
306
308
309
310
313
314
317
322
325
33
328
329
330
331
332
34
333
334
335
336
337
338
339
344
35
345
346
349
350
36
351
353
357
360
361
362
363
365
366
37
38
379
381
382
39
390
391
392
393
398
399
400
401
402
403
404
406
407
408
409
42
415
416
417
418
421
423
425
426
429
430
431
437
440
441
447
448
449
450
451
452
46
453
454
455
457
458
459
47
461
463
473
474
475
476
478
479
480
484
496
499
500
